400899420
400899494
400899509
400899534
400899561
400899582
400899613
400899659
400899730
400899749
400899766
400899811
400899843
400899872
400899920
400899940
400899374
400900018
400900028
400900068
400900074
400900088
400900123
400900132
400900161
400900177
400900190
400900269
400899398
400900308
400900322
400900332
400900345
400900364
400900412
400900424
400900483
400900501
400900555
400900575
400900590
400899380
400899511
400899541
400899575
400899611
400899629
400899675
400899717
400899447
400899781
400899833
400899887
400899914
400899936
400899423
400899967
400899974
400900004
400900039
400900051
400900071
400900102
400900118
400900142
400899391
400900156
400900171
400900242
400900291
400899432
400900380
400900401
400900442
400900455
400900471
400900488
400900508
400900524
400900547
400900582
400900597
400899452
400899493
400899507
400899522
400899551
400899644
400899667
400899697
400899711
400899367
400899748
400899765
400899820
400899879
400899905
400899413
400899968
400899981
400899994
400900007
400900030
400900043
400900087
400900103
400899394
400900152
400900170
400900189
400900204
400900227
400900244
400900381
400900395
400900417
400900431
400900447
400900462
400900500
400899396
400899441
400900566
400899457
400899526
400899540
400899630
400899670
400899700
400899722
400899738
400899754
400899770
400899785
400899807
400899823
400899853
400899916
400899427
400899962
400899978
400900012
400900029
400900069
400900083
400900109
400900143
400899402
400900186
400900202
400900219
400900231
400900276
400900293
400900309
400900327
400900342
400900366
400900377
400900450
400900464
400900479
400900495
400900561
400900592
400899415
400899528
400899542
400899554
400899607
400899632
400899648
400899661
400899688
400899702
400899755
400899786
400899802
400899902
400899917
400899933
400899387
400899453
400899970
400899988
400899998
400900033
400900047
400900070
400900150
400900239
400900280
400900300
400900313
400900328
400900385
400900422
400900438
400900453
400900475
400900491
400900505
400899408
400900565
400900580
400900593
400899386
400899489
400899510
400899524
400899538
400899552
400899640
400899683
400899707
400899392
400899737
400899760
400899775
400899793
400899821
400899836
400899849
400899866
400899890
400899929
400899985
400900032
400900065
400900077
400900106
400900182
400900193
400900208
400900246
400900298
400900334
400900356
400900376
400900388
400900428
400900511
400900526
400900545
400900559
400900579
400900601
400899456
400899487
400899499
400899568
400899586
400899604
400899620
400899693
400899706
400899758
400899805
400899819
400899839
400899852
400899864
400899881
400899915
400899381
400900044
400900058
400900076
400900089
400900126
400900140
400899397
400900163
400900228
400900275
400899403
400900316
400900346
400900374
400900402
400900420
400900436
400900448
400900463
400900528
400899444
400900583
400900599
400899384
400899481
400899516
400899535
400899567
400899587
400899641
400899654
400899682
400899712
400899733
400899751
400899767
400899782
400899826
400899865
400899889
400899410
400899969
400899983
400900015
400900036
400900091
400900105
400900127
400900192
400900207
400900229
400900266
400900281
400899405
400900307
400900315
400900347
400900362
400900373
400900473
400900485
400900525
400899431
400900585
400899478
400899508
400899537
400899556
400899596
400899612
400899643
400899658
400899678
400899705
400899727
400899744
400899769
400899863
400899880
400899898
400899414
400899952
400899989
400900008
400900034
400900059
400900075
400900120
400900164
400900173
400900196
400900205
400900222
400900274
400900288
400900323
400900396
400900411
400900493
400900510
400899438
400900538
400900554
400900574
400900598
400899455
400899490
400899529
400899547
400899562
400899576
400899591
400899614
400899628
400899645
400899692
400899720
400899743
400899783
400899799
400899841
400899857
400899901
400899949
400899976
400900002
400900111
400899433
400900155
400900172
400900201
400900218
400900251
400900267
400900286
400900299
400900341
400900357
400900368
400900423
400900444
400900457
400900530
400899406
400900537
400900603
400899378
400899515
400899531
400899559
400899574
400899609
400899637
400899664
400899676
400899698
400899764
400899789
400899818
400899832
400899851
400899885
400899904
400899919
400899951
400899966
400900064
400900082
400900098
400899366
400900151
400900200
400900240
400900256
400900273
400899364
400900306
400900330
400900344
400900372
400900440
400900454
400900469
400900507
400900552
400900568
400900595
400899376
400899426
400899504
400899553
400899578
400899594
400899606
400899687
400899701
400899725
400899740
400899815
400899878
400899896
400899911
400899926
400899963
400933467
400900006
400900019
400900110
400900124
400900139
400900149
400900159
400900203
400900235
400900303
400900321
400900358
400900378
400900452
400900466
400900481
400900504
400900520
400899401
400900556
400900572
400900587
400900608
400899424
400899484
400899555
400899570
400899618
400899633
400899646
400899674
400899689
400899787
400899809
400899870
400899913
400899944
400899956
400899972
400899987
400900000
400900020
400900031
400900056
400900158
400900169
400900183
400900198
400900211
400900224
400900261
400900272
400900294
400899448
400900326
400900367
400900379
400900392
400900460
400900496
400900515
400900541
400900578
400900594
400899482
400899503
400899536
400899564
400899577
400899600
400899656
400899714
400899731
400899795
400899825
400899854
400899900
400899924
400899941
400899428
400899979
400899996
400900009
400900026
400900046
400900060
400900138
400900148
400899470
400900167
400899437
400900320
400900337
400900352
400900375
400900389
400900406
400900437
400900465
400900480
400900494
400900513
400899473
400900539
400900548
400900571
400899382
400899429
400899492
400899521
400899539
400899581
400899615
400899704
400899718
400899726
400899735
400899747
400899773
400899804
400899834
400899862
400899958
400899984
400899993
400900013
400900027
400900084
400900095
400900119
400900136
400900146
400900176
400900223
400900243
400900264
400900284
400899393
400900387
400900410
400900435
400900446
400900492
400900509
400900521
400899440
400900558
400899458
400899512
400899527
400899601
400899623
400899671
400899681
400899715
400899434
400899739
400899762
400899777
400899796
400899824
400899840
400899876
400899894
400899931
400899948
400899997
400900021
400900025
400900080
400900094
400900114
400900129
400899407
400900165
400900220
400900233
400900249
400899442
400900310
400900339
400900391
400900461
400900497
400900529
400900542
400900563
400900605
400974823
400974836
400974874
400974897
400974955
400974981
400975007
400975019
400975031
400975064
400975093
400975129
400975164
400975194
400975206
400975235
400975254
400975279
400975367
400975387
400975400
400975421
400975434
400975451
400975472
400975485
400975501
400975545
400975565
400975580
400975643
400975661
400975674
400975689
400975739
400975753
400975767
400975876
400975893
400975918
400975960
400974703
400974802
400974843
400974860
400974912
400974921
400974939
400974966
400975020
400975043
400975065
400975077
400975094
400975107
400975158
400975174
400975207
400975236
400974447
400975263
400975285
400975305
400975316
400975360
400975396
400975409
400975429
400975504
400975513
400975530
400975566
400975581
400975604
400975644
400975662
400975744
400975763
400975805
400975886
400975931
400975948
400975965
400974774
400974789
400974809
400974838
400974853
400974952
400974970
400974987
400975018
400975079
400975116
400975127
400975151
400975165
400975190
400975208
400975224
400975291
400975303
400975325
400975338
400975352
400975388
400975401
400975414
400975502
400975514
400975531
400975546
400975572
400975589
400975602
400975645
400975745
400975754
400975783
400975799
400975813
400975840
400975894
400975951
400974437
400974779
400974800
400974841
400974857
400974887
400974900
400974971
400975005
400975021
400975049
400975080
400975104
400975130
400975148
400975166
400975181
400975217
400975295
400975392
400975410
400975420
400975461
400975480
400975503
400975525
400975553
400975615
400975640
400975654
400975669
400975683
400975696
400975796
400975811
400975826
400975877
400975895
400975902
400975922
400975966
400974770
400974806
400974821
400974839
400974856
400974958
400974979
400974992
400975004
400975028
400975090
400975109
400975118
400975128
400975169
400975180
400975192
400975205
400975232
400975252
400975349
400975364
400975375
400975399
400975422
400975433
400975447
400975460
400975512
400975579
400975613
400975638
400975653
400975703
400975718
400975733
400975818
400975849
400975862
400975889
400975943
400974782
400974816
400974830
400974884
400974922
400974973
400975038
400975050
400975073
400975095
400975131
400975142
400975160
400975195
400975209
400975255
400975270
400975293
400975306
400975339
400975378
400975390
400975403
400975463
400975477
400975568
400975575
400975590
400975605
400975616
400975676
400975699
400975713
400975756
400975785
400975815
400975829
400975890
400975906
400975939
400975970
400974705
400974776
400974796
400974812
400974832
400974876
400974932
400974954
400974975
400974984
400975000
400975034
400975061
400975078
400975098
400975153
400975199
400975212
400975245
400975308
400975318
400975333
400975347
400975373
400975439
400975452
400975467
400975488
400975576
400975597
400975650
400975665
400975692
400975707
400975735
400975743
400975822
400975839
400975880
400975910
400975962
400974786
400974798
400974865
400974878
400974886
400974906
400974919
400974936
400974977
400975025
400975066
400975083
400975178
400975213
400975249
400975282
400975309
400975320
400975358
400975371
400975397
400975417
400975440
400975458
400975476
400975489
400975511
400975528
400975540
400975598
400975626
400975642
400975658
400975716
400975729
400975742
400975772
400975898
400975911
400975926
400975957
400974438
400974814
400974826
400974842
400974899
400974914
400974935
400974950
400975027
400975035
400975047
400975146
400975168
400975215
400975230
400975240
400974446
400975260
400975274
400975281
400975343
400975359
400975445
400975459
400975474
400975549
400975561
400975577
400975592
400975618
400975633
400975709
400975722
400975765
400975779
400975833
400975848
400975860
400975874
400975899
400975941
400974783
400974794
400974846
400974891
400974917
400974931
400974953
400975010
400975033
400975045
400975059
400975143
400975163
400975179
400975184
400975196
400975210
400975226
400975286
400975312
400975354
400975411
400975425
400975435
400975478
400975494
400975569
400975583
400975606
400975623
400975685
400975747
400975769
400975820
400975837
400975847
400975857
400975878
400975907
400975923
400975940
400974788
400974805
400974835
400974851
400974867
400974882
400974888
400974951
400975048
400975068
400975113
400975126
400975147
400975216
400975251
400975288
400975299
400975313
400975324
400975344
400975374
400975394
400975408
400975441
400975455
400975498
400975521
400975542
400975667
400975681
400975694
400975710
400975732
400975737
400975795
400975861
400975892
400975914
400975937
400975958
400975974
400974442
400974791
400974815
400974827
400974855
400974881
400974896
400974965
400974978
400974991
400975003
400975063
400975089
400975201
400975242
400974449
400975261
400975275
400975311
400975323
400975336
400975348
400975363
400975419
400975430
400975446
400975550
400975562
400975629
400975702
400975717
400975746
400975761
400975780
400975869
400975882
400975901
400975920
400975936
400975947
400975964
400974780
400974793
400974810
400974829
400974844
400974861
400974956
400974986
400975008
400975072
400975086
400975127
400975159
400975183
400975225
400975237
400975246
400975269
400975304
400975314
400975332
400975380
400975456
400975473
400975538
400975552
400975567
400975631
400975655
400975668
400975684
400975698
400975719
400975734
400975800
400975814
400975856
400975871
400975887
400975904
400975952
400975967
400974443
400974785
400974795
400974818
400974854
400974933
400974945
400974960
400974998
400975082
400975110
400975123
400975132
400975177
400975204
400975227
400975247
400975264
400975307
400975317
400975356
400975368
400975405
400975437
400975465
400975487
400975517
400975594
400975611
400975639
400975656
400975678
400975693
400975714
400975727
400975787
400975816
400975841
400975908
400975924
400975954
400974775
400974803
400974825
400974885
400974894
400974961
400974989
400975012
400975023
400975039
400975051
400975087
400975139
400975152
400975167
400975185
400975197
400975256
400975294
400975330
400975340
400975357
400975369
400975383
400975426
400975475
400975509
400975526
400975584
400975595
400975612
400975634
400975720
400975740
400975794
400975806
400975852
400975866
400975897
400975955
400975971
400974444
400974828
400974848
400974864
400974929
400974946
400974962
400974999
400975013
400975060
400975097
400975111
400975124
400975140
400975161
400975257
400975271
400975278
400975341
400975370
400975423
400975438
400975466
400975479
400975495
400975539
400975608
400975625
400975648
400975728
400975741
400975757
400975782
400975793
400975807
401019650
400975821
400975858
400975896
400975919
400975972
400974781
400974824
400974845
400974862
400974875
400974893
400974903
400974930
400974944
400974957
400974996
400975009
400975044
400975057
400975085
400975108
400975141
400975150
400975182
400975219
400974445
400975296
400975353
400975381
400975491
400975532
400975547
400975603
400975632
400975646
400975738
400975755
400975768
400975784
400975801
400975827
400975885
400975905
400975932
400975938
400975953
400974441
400974790
400974811
400974880
400974923
400974942
400974963
400975014
400975024
400975075
400975088
400975102
400975116
400975145
400975198
400975211
400975228
400974448
400975258
400975272
400975287
400975346
400975389
400975406
400975443
400975457
400975482
400975518
400975534
400975585
400975596
400975649
400975706
400975721
400975736
400975749
400975778
400975830
400975846
400975879
400975909
400975973
400974702
400974801
400974822
400974871
400974889
400974911
400974980
400974994
400975055
400975069
400975106
400975121
400975156
400975171
400975223
400975262
400975277
400975300
400975328
400975395
400975442
400975500
400975524
400975543
400975557
400975573
400975600
400975614
400975660
400975672
400975682
400975762
400975775
400975804
400975819
400975836
400975863
400975875
400975916
400975928
400975968
400974772
400974808
400974858
400974872
400974982
400974995
400975006
400975029
400975042
400975056
400975081
400975092
400975114
400975172
400975202
400975218
400975301
400975315
400975360
400975385
400975424
400975450
400975516
400975548
400975564
400975574
400975588
400975601
400975630
400975673
400975751
400975776
400975798
400975812
400975834
400975851
400975864
400975903
400975929
400975944
400975969
400974767
400974777
400974799
400974813
400974898
400974913
400974925
400974937
400974947
400974967
400974990
400975015
400975026
400975115
400975134
400975162
400975220
400975241
400975250
400975290
400975297
400975334
400975372
400975382
400975469
400975506
400975519
400975535
400975556
400975578
400975627
400975635
400975679
400975760
400975790
400975809
400975853
400975868
400975913
400975935
400975949
400974804
400974819
400974834
400974850
400974869
400974895
400974908
400974927
400974949
400974964
400974985
400975067
400975084
400975103
400975135
400975214
400975229
400975266
400975322
400975335
400975398
400975412
400975428
400975454
400975505
400975560
400975586
400975610
400975657
400975671
400975687
400975708
400975730
400975750
400975774
400975791
400975810
400975832
400975883
400975900
400975975
400974769
400974778
400974890
400974904
400974916
400974972
400974988
400975058
400975070
400975101
400975175
400975188
400975231
400975268
400975292
400975345
400975361
400975377
400975402
400975413
400975462
400975481
400975492
400975515
400975533
400975544
400975558
400975593
400975622
400975647
400975690
400975704
400975725
400975777
400975792
400975828
400975843
400975855
400975917
400975933
400975946
400974766
400974787
400974833
400974849
400974866
400974879
400974907
400974926
400974938
400974948
400975016
400975036
400975052
400975076
400975100
400975117
400975221
400975239
400975280
400975310
400975393
400975418
400975427
400975497
400975570
400975591
400975609
400975628
400975636
400975651
400975680
400975701
400975759
400975773
400975789
400975808
400975867
400975881
400975912
400975925
400975963
400974439
400974773
400974859
400974873
400974902
400974915
400974928
400974943
400974969
400975030
400975071
400975157
400975173
400975191
400975203
400975234
400975267
400975283
400975302
400975329
400975351
400975366
400975376
400975386
400975490
400975508
400975559
400975621
400975641
400975663
400975675
400975691
400975705
400975752
400975781
400975825
400975844
400975854
400975884
400975930
400975961
